Number:2789
0.32266666666666666
1.7733333333333334
2.6453333333333333
2.3226666666666667
3.3226666666666667
5.032
6.226666666666667
7.744
7.906666666666666
9.026666666666667
10.418666666666667
11.744
12.349333333333334
13.136
12.650666666666666
15.552
16.154666666666667
16.317333333333334
17.112
19.021333333333335
18.197333333333333
19.197333333333333
20.082666666666668
21.04
22.221333333333334
23.258666666666667
24.181333333333335
25.173333333333332
26.037333333333333
29.032
30.189333333333334
31.088
23.325333333333333
33.333333333333336
34.09866666666667
35.02133333333333
36.19733333333333
37.12266666666667
38.04266666666667
39.074666666666666
40.29333333333334
41.17066666666667
39.08
36.824
44.08
45.144
46.05866666666667
47.016
48.154666666666664
49.16
44.328
45.31733333333333
46.181333333333335
47.165333333333336
48.458666666666666
49.370666666666665
47.370666666666665
48.858666666666664
49.50933333333333
13.674666666666667
1.3946666666666667
14.0
16.325333333333333
17.626666666666665
17.650666666666666
18.024
19.674666666666667
19.325333333333333
19.024
20.0
20.325333333333333
21.626666666666665
22.325333333333333
24.976
24.301333333333332
25.650666666666666
26.674666666666667
27.650666666666666
27.0
28.325333333333333
28.301333333333332
29.301333333333332
29.650666666666666
4.1146666666666665
30.349333333333334
31.626666666666665
31.650666666666666
31.698666666666668
32.69866666666667
32.42133333333334
32.74666666666667
33.373333333333335
34.650666666666666
34.349333333333334
34.67466666666667
34.27733333333333
35.42133333333334
35.72266666666667
35.602666666666664
10.464
36.373333333333335
36.048
11.114666666666666
36.30133333333333
36.67466666666667
37.27733333333333
37.42133333333334
37.048
12.765333333333333
37.024
38.650666666666666
37.373333333333335
0.22666666666666666
38.42133333333334
13.464
39.57866666666666
39.349333333333334
39.952
14.138666666666667
39.32533333333333
40.42133333333334
40.69866666666667
40.373333333333335
40.397333333333336
40.650666666666666
41.952
41.072
41.30133333333333
41.42133333333334
39.264
42.349333333333334
42.072
43.928
43.57866666666666
43.048
43.74666666666667
44.25333333333333
44.27733333333333
44.976
44.32533333333333
45.74666666666667
45.072
45.024
45.42133333333334
45.650666666666666
46.27733333333333
46.928
46.57866666666666
45.602666666666664
45.27733333333333
47.0
47.976
47.373333333333335
48.42133333333334
48.67466666666667
49.650666666666666
49.048
49.373333333333335
0.84
5.904
6.229333333333333
7.904
9.904
36.2
10.229333333333333
10.904
11.928
13.554666666666666
13.904
17.253333333333334
18.253333333333334
18.229333333333333
18.88
19.554666666666666
19.205333333333332
20.602666666666668
20.277333333333335
21.554666666666666
21.205333333333332
22.88
23.253333333333334
23.88
23.904
23.554666666666666
23.277333333333335
24.928
24.229333333333333
24.554666666666666
24.952
25.904
0.6933333333333334
26.88
26.554666666666666
1.6933333333333334
27.952
28.602666666666668
28.277333333333335
28.952
29.554666666666666
29.88
30.904
30.928
30.952
31.229333333333333
31.253333333333334
31.205333333333332
31.88
8.693333333333333
9.018666666666666
11.042666666666667
12.368
36.821333333333335
1.3893333333333333
1.744
37.498666666666665
3.482666666666667
9.133333333333333
10.157333333333334
11.157333333333334
12.482666666666667
13.458666666666666
14.133333333333333
14.482666666666667
3.2026666666666666
16.784
16.482666666666667
17.856
18.434666666666665
19.482666666666667
19.856
19.181333333333335
19.458666666666666
20.434666666666665
21.157333333333334
21.784
21.856
22.506666666666668
8.592
23.832
24.784
25.832
25.181333333333335
27.784
28.808
28.856
29.157333333333334
4.922666666666666
30.109333333333332
30.856
31.133333333333333
31.784
7.272
1.7946666666666666
33.50666666666667
33.181333333333335
33.88
33.48266666666667
33.205333333333336
34.410666666666664
34.205333333333336
35.181333333333335
35.410666666666664
35.434666666666665
35.784
35.157333333333334
36.13333333333333
36.50666666666667
36.55466666666667
36.904
36.736
37.784
37.50666666666667
12.597333333333333
37.48266666666667
37.205333333333336
38.458666666666666
38.410666666666664
38.48266666666667
37.904
39.22933333333334
39.10933333333333
14.922666666666666
39.434666666666665
40.48266666666667
15.248
41.157333333333334
41.53066666666667
41.76
41.434666666666665
41.784
42.06133333333333
42.55466666666667
42.157333333333334
42.48266666666667
42.410666666666664
43.410666666666664
5.317333333333333
43.157333333333334
43.181333333333335
42.904
44.76
44.13333333333333
44.832
6.992
44.10933333333333
45.10933333333333
45.808
45.48266666666667
44.458666666666666
44.181333333333335
46.50666666666667
46.08533333333333
46.205333333333336
46.06133333333333
45.53066666666667
47.08533333333333
47.13333333333333
47.856
46.434666666666665
48.736
48.88
48.10933333333333
48.856
48.76
49.13333333333333
48.13333333333333
49.53066666666667
49.181333333333335
48.157333333333334
49.434666666666665
49.784
0.648
0.68
1.3866666666666667
2.3866666666666667
5.712
7.386666666666667
8.061333333333334
8.736
10.037333333333333
11.362666666666666
13.736
14.736
14.362666666666666
42.74933333333333
4.781333333333333
18.085333333333335
19.712
19.085333333333335
20.037333333333333
20.76
20.712
21.338666666666665
21.013333333333332
21.410666666666668
25.338666666666665
25.410666666666668
26.410666666666668
28.037333333333333
28.061333333333334
3.501333333333333
30.386666666666667
30.085333333333335
30.362666666666666
9.826666666666666
9.152
11.501333333333333
13.826666666666666
2.896
4.221333333333333
4.570666666666667
42.008
0.8426666666666667
1.1973333333333334
1.392
3.616
3.36
2.8746666666666667
2.3253333333333335
2.066666666666667
3.037333333333333
3.3253333333333335
1.7786666666666666
2.7146666666666666
3.034666666666667
4.616
6.616
8.616
8.64
8.314666666666668
12.941333333333333
14.965333333333334
16.917333333333332
4.010666666666666
17.290666666666667
17.664
18.616
19.965333333333334
19.314666666666668
20.616
20.266666666666666
20.592
21.266666666666666
22.941333333333333
22.616
24.314666666666668
24.290666666666667
25.664
26.290666666666667
26.664
27.941333333333333
29.664
30.64
31.989333333333335
32.568
32.64
32.89333333333333
32.544
33.712
33.013333333333335
33.688
33.36266666666667
2.2773333333333334
34.664
34.91733333333333
34.36266666666667
9.405333333333333
33.94133333333333
35.89333333333333
35.31466666666667
10.754666666666667
10.730666666666666
35.664
36.33866666666667
36.89333333333333
11.405333333333333
36.91733333333333
36.29066666666667
37.544
37.688
37.965333333333334
36.712
37.664
38.989333333333335
38.86933333333333
38.266666666666666
37.568
38.616
39.266666666666666
39.688
38.218666666666664
38.688
39.94133333333333
40.664
40.989333333333335
40.29066666666667
40.86933333333333
15.405333333333333
41.712
41.218666666666664
41.36266666666667
41.94133333333333
42.29066666666667
42.89333333333333
42.936
42.242666666666665
42.91733333333333
43.31466666666667
43.91733333333333
43.94133333333333
43.712
43.89333333333333
44.33866666666667
44.989333333333335
44.037333333333336
44.31466666666667
43.218666666666664
45.664
45.568
45.89333333333333
45.86933333333333
45.218666666666664
46.91733333333333
7.149333333333334
33.501333333333335
46.664
47.94133333333333
47.64
47.712
47.568
48.91733333333333
48.33866666666667
48.688
49.29066666666667
49.36266666666667
49.592
5.1946666666666665
10.194666666666667
35.816
11.194666666666667
13.194666666666667
14.52
34.49333333333333
16.82133333333333
16.544
17.496
17.893333333333334
17.194666666666667
18.568
18.82133333333333
19.544
19.496
21.869333333333334
21.893333333333334
22.496
23.544
24.568
24.218666666666667
25.170666666666666
26.218666666666667
26.24266666666667
27.52
27.496
28.893333333333334
29.218666666666667
29.893333333333334
30.496
31.82133333333333
31.218666666666667
10.634666666666666
11.333333333333334
12.309333333333333
43.18666666666667
14.634666666666666
15.984
15.333333333333334
5.704
35.752
1.9093333333333333
1.2
40.12266666666667
8.424
9.122666666666667
12.424
13.773333333333333
14.098666666666666
16.14666666666667
16.773333333333333
17.424
18.424
18.098666666666666
19.448
19.424
21.773333333333333
21.074666666666666
21.424
22.424
23.4
23.797333333333334
24.4
25.4
25.074666666666666
25.773333333333333
26.122666666666667
27.074666666666666
27.472
27.4
27.424
28.098666666666666
28.122666666666667
28.773333333333333
29.773333333333333
30.797333333333334
30.773333333333333
30.472
31.122666666666667
31.72533333333333
32.4
32.12266666666667
33.376
33.72533333333333
8.912
8.237333333333334
34.74933333333333
34.52
34.424
34.70133333333333
35.67733333333333
35.026666666666664
10.888
35.424
35.19466666666667
36.14666666666667
36.4
11.888
36.12266666666667
36.70133333333333
37.845333333333336
37.09866666666667
36.19466666666667
36.09866666666667
37.72533333333333
38.074666666666666
38.472
38.4
38.424
38.72533333333333
39.4
39.72533333333333
38.14666666666667
38.376
13.538666666666666
40.496
2.2826666666666666
15.912
15.562666666666667
40.797333333333334
41.352
41.12266666666667
40.14666666666667
40.4
41.67733333333333
42.472
42.52
42.19466666666667
42.424
41.472
43.70133333333333
43.424
43.026666666666664
43.72533333333333
43.19466666666667
44.352
44.09866666666667
44.472
0.48
43.472
45.352
45.074666666666666
45.496
45.72533333333333
7.282666666666667
46.70133333333333
46.77333333333333
45.424
47.72533333333333
47.845333333333336
47.448
47.376
48.472
48.72533333333333
48.14666666666667
48.352
49.797333333333334
0.8453333333333334
0.6773333333333333
8.026666666666667
9.328
10.026666666666667
11.026666666666667
12.002666666666666
13.002666666666666
13.352
13.677333333333333
16.653333333333332
17.677333333333333
17.002666666666666
5.072
18.026666666666667
0.072
19.328
19.677333333333333
21.304
21.978666666666665
23.978666666666665
24.050666666666668
25.328
25.653333333333332
27.002666666666666
27.304
27.352
2.466666666666667
29.653333333333332
29.002666666666666
29.304
4.466666666666667
4.792
30.352
6.792
4.282666666666667
7.141333333333334
10.141333333333334
11.442666666666666
13.117333333333333
14.442666666666666
14.117333333333333
15.117333333333333
1.7493333333333334
2.8773333333333335
3.04
4.2026666666666666
4.624
4.810666666666667
7.8133333333333335
6.298666666666667
6.042666666666666
7.461333333333333
4.365333333333333
5.8773333333333335
4.621333333333333
7.941333333333334
7.592
7.752
9.605333333333334
3.7786666666666666
10.232
11.906666666666666
13.256
15.605333333333334
16.232
4.301333333333333
17.256
17.930666666666667
37.23733333333333
17.28
5.976
18.882666666666665
18.930666666666667
18.629333333333335
6.301333333333333
20.557333333333332
21.557333333333332
21.28
21.256
22.906666666666666
23.954666666666668
23.256
24.557333333333332
24.256
24.906666666666666
24.28
26.882666666666665
27.906666666666666
27.208
28.629333333333335
29.28
29.882666666666665
29.605333333333334
29.581333333333333
30.629333333333335
31.629333333333335
31.232
32.28
32.00266666666667
7.696
32.328
33.208
33.882666666666665
8.021333333333333
33.28
34.16
9.045333333333334
35.605333333333334
35.208
35.55733333333333
35.50933333333333
35.00266666666667
36.629333333333335
36.28
11.045333333333334
11.370666666666667
35.653333333333336
37.95466666666667
37.256
37.232
37.208
12.346666666666666
38.629333333333335
38.256
38.232
38.184
39.328
39.55733333333333
39.208
35.81066666666667
1.7653333333333334
40.208
40.95466666666667
15.346666666666666
39.906666666666666
41.184
41.53333333333333
41.629333333333335
41.208
41.95466666666667
42.208
43.184
43.605333333333334
43.16
44.53333333333333
44.906666666666666
45.00266666666667
45.256
45.93066666666667
45.50933333333333
46.58133333333333
46.605333333333334
46.50933333333333
46.232
46.184
47.256
47.653333333333336
47.304
48.95466666666667
48.882666666666665
48.58133333333333
49.93066666666667
49.97866666666667
49.184
49.653333333333336
49.256
34.80266666666667
0.5893333333333334
9.16
13.509333333333334
15.509333333333334
16.136
16.786666666666665
4.205333333333333
18.834666666666667
18.136
19.858666666666668
19.485333333333333
21.834666666666667
21.858666666666668
2.0773333333333333
21.16
22.834666666666667
22.533333333333335
23.834666666666667
23.485333333333333
23.858666666666668
24.184
24.509333333333334
25.461333333333332
27.461333333333332
28.834666666666667
28.184
28.810666666666666
29.533333333333335
29.509333333333334
29.485333333333333
29.136
30.112
30.16
30.461333333333332
5.6
31.461333333333332
31.509333333333334
7.274666666666667
8.624
9.298666666666668
10.6
1.6693333333333333
14.274666666666667
4.344
37.424
0.784
1.72
1.816
1.9786666666666666
1.5253333333333334
2.064
4.738666666666667
5.389333333333333
0.07466666666666667
40.424
8.738666666666667
8.064
9.413333333333334
9.389333333333333
38.053333333333335
10.413333333333334
10.04
11.389333333333333
12.064
12.413333333333334
15.738666666666667
15.413333333333334
4.458666666666667
17.016
17.714666666666666
17.690666666666665
17.088
18.04
18.437333333333335
6.458666666666667
7.784
20.738666666666667
20.04
21.064
21.016
22.064
23.413333333333334
23.714666666666666
23.690666666666665
24.437333333333335
24.016
25.064
26.04
26.762666666666668
26.437333333333335
27.714666666666666
27.738666666666667
27.064
29.690666666666665
0.010666666666666666
30.365333333333332
30.389333333333333
30.016
31.365333333333332
32.78666666666667
32.992
32.088
33.78666666666667
33.064
33.088
34.413333333333334
34.690666666666665
34.48533333333334
34.437333333333335
34.64266666666666
35.136
35.413333333333334
35.992
35.437333333333335
34.016
36.112
36.36533333333333
36.64266666666666
36.136
11.528
37.36533333333333
37.78666666666667
37.016
36.992
35.304
13.504
39.112
39.36533333333333
39.088
14.853333333333333
39.690666666666665
40.136
2.248
15.528
40.714666666666666
40.64266666666666
41.34133333333333
41.48533333333334
41.690666666666665
41.714666666666666
41.73866666666667
42.461333333333336
42.088
42.31733333333333
42.437333333333335
42.64266666666666
43.38933333333333
43.76266666666667
43.413333333333334
5.898666666666666
43.64266666666666
43.112
44.48533333333334
43.73866666666667
43.48533333333334
44.992
45.64266666666666
45.088
1.7706666666666666
46.76266666666667
47.04
47.437333333333335
47.714666666666666
47.48533333333334
47.38933333333333
48.690666666666665
48.73866666666667
48.016
49.437333333333335
49.714666666666666
49.34133333333333
4.968
7.968
8.618666666666666
12.317333333333334
42.989333333333335
14.992
14.618666666666666
15.317333333333334
16.618666666666666
16.666666666666668
17.293333333333333
18.293333333333333
6.362666666666667
19.317333333333334
20.269333333333332
20.992
21.666666666666668
21.341333333333335
22.341333333333335
22.269333333333332
23.269333333333332
23.341333333333335
24.293333333333333
24.341333333333335
25.618666666666666
26.594666666666665
26.293333333333333
27.944
28.317333333333334
28.642666666666667
29.666666666666668
30.992
7.757333333333333
8.082666666666666
9.106666666666667
10.757333333333333
11.432
12.432
13.432
15.757333333333333
3.477333333333333
0.8186666666666667
0.528
2.074666666666667
3.496
3.656
2.0453333333333332
3.3653333333333335
2.7546666666666666
2.1413333333333333
3.6586666666666665
2.3013333333333335
2.2373333333333334
2.872
5.546666666666667
5.197333333333333
8.197333333333333
2.0693333333333332
11.221333333333334
12.546666666666667
16.173333333333332
17.848
18.848
19.173333333333332
20.245333333333335
21.570666666666668
21.872
3.464
23.896
23.92
24.570666666666668
25.498666666666665
25.872
0.6613333333333333
26.221333333333334
27.221333333333334
27.498666666666665
27.848
4.149333333333334
30.221333333333334
30.92
6.336
32.896
32.12533333333333
33.19733333333333
8.312
34.896
34.522666666666666
9.312
34.12533333333333
34.824
35.57066666666667
35.19733333333333
34.872
35.968
35.269333333333336
36.221333333333334
36.474666666666664
36.61866666666667
37.61866666666667
37.17333333333333
37.8
12.010666666666667
37.29333333333334
38.29333333333334
38.848
38.872
38.19733333333333
37.45066666666666
39.944
39.57066666666667
39.19733333333333
38.61866666666667
39.45066666666666
40.498666666666665
40.824
15.986666666666666
40.848
40.896
41.17333333333333
41.522666666666666
41.944
41.8
42.92
42.872
42.59466666666667
42.474666666666664
37.797333333333334
43.17333333333333
43.848
43.61866666666667
42.824
44.17333333333333
6.056
44.54666666666667
45.896
45.221333333333334
45.29333333333334
45.522666666666666
46.221333333333334
46.498666666666665
47.522666666666666
47.269333333333336
47.848
47.824
47.12533333333333
48.92
48.269333333333336
48.498666666666665
49.8
49.848
49.14933333333333
49.474666666666664
49.59466666666667
49.944
0.6586666666666666
3.776
4.776
5.125333333333334
6.450666666666667
8.426666666666666
8.8
9.450666666666667
9.426666666666666
38.42666666666667
10.101333333333333
12.776
44.168
15.426666666666666
15.125333333333334
15.450666666666667
3.8453333333333335
16.474666666666668
16.776
18.426666666666666
18.149333333333335
18.077333333333332
38.216
19.824
20.149333333333335
20.450666666666667
20.101333333333333
21.426666666666666
22.149333333333335
22.101333333333333
36.733333333333334
3.368
24.8
24.402666666666665
25.450666666666667
25.426666666666666
25.125333333333334
26.125333333333334
27.426666666666666
27.101333333333333
28.077333333333332
28.824
4.890666666666666
4.565333333333333
30.450666666666667
30.077333333333332
30.8
5.890666666666666
31.824
31.125333333333334
31.474666666666668
31.077333333333332
8.914666666666667
8.589333333333334
10.24
6.634666666666667
0.24
1.0133333333333334
1.8853333333333333
1.9173333333333333
1.5306666666666666
2.3546666666666667
4.354666666666667
35.984
10.68
11.68
12.704
13.68
14.005333333333333
15.005333333333333
3.7493333333333334
16.704
16.330666666666666
17.704
5.749333333333333
18.029333333333334
19.981333333333332
7.424
20.330666666666666
21.656
21.354666666666667
24.656
24.728
25.68
26.053333333333335
26.005333333333333
27.053333333333335
27.330666666666666
27.354666666666667
29.704
4.818666666666667
30.330666666666666
30.029333333333334
31.354666666666667
31.330666666666666
31.704
6.469333333333333
32.282666666666664
32.42666666666667
33.37866666666667
34.330666666666666
34.101333333333336
9.12
34.704
34.632
35.053333333333335
35.776
35.306666666666665
35.68
10.144
36.704
36.95733333333333
35.93333333333333
36.053333333333335
35.728
37.68
37.029333333333334
12.144
36.330666666666666
12.469333333333333
38.37866666666667
38.728
13.818666666666667
38.608
38.282666666666664
39.101333333333336
39.282666666666664
39.776
39.98133333333333
39.40266666666667
40.95733333333333
13.144
40.282666666666664
2.864
14.469333333333333
41.728
40.93333333333333
40.053333333333335
40.656
42.704
42.752
42.282666666666664
43.306666666666665
43.632
43.42666666666667
43.752
44.704
44.608
44.330666666666666
44.93333333333333
44.68
45.282666666666664
45.68
45.776
46.632
46.101333333333336
47.101333333333336
47.053333333333335
3.736
48.728
48.98133333333333
48.306666666666665
48.93333333333333
48.704
49.101333333333336
49.053333333333335
49.608
49.728
49.282666666666664
0.43466666666666665
3.2586666666666666
0.112
8.282666666666668
8.909333333333333
10.584
10.608
10.909333333333333
12.608
36.912
1.6533333333333333
44.61333333333334
15.608
3.6533333333333333
18.632
18.234666666666666
18.30666666666667
6.328
20.56
21.234666666666666
21.632
21.30666666666667
24.957333333333334
24.56
25.282666666666668
25.608
26.88533333333333
26.56
27.234666666666666
27.608
46.44
28.584
28.957333333333334
28.282666666666668
29.88533333333333
30.608
31.632
31.258666666666667
6.048
7.048
8.024
9.024
10.048
10.024
12.048
12.373333333333333
12.698666666666666
13.397333333333334
15.698666666666666
15.722666666666667
15.373333333333333
44.23466666666667
37.17066666666667
7.117333333333334
3.64
0.30666666666666664
1.7253333333333334
1.952
2.112
1.5973333333333333
5.626666666666667
5.370666666666667
6.045333333333334
8.269333333333334
7.277333333333333
10.050666666666666
11.141333333333334
12.050666666666666
10.237333333333334
14.114666666666666
15.114666666666666
12.312
8.882666666666667
9.602666666666666
10.858666666666666
11.184
12.021333333333333
14.277333333333333
15.765333333333333
15.272
3.1626666666666665
8.813333333333333
9.813333333333333
10.186666666666667
13.512
16.21066666666667
16.488
17.186666666666667
17.536
17.464
17.488
5.882666666666666
18.186666666666667
18.861333333333334
18.813333333333333
19.186666666666667
19.464
19.138666666666666
21.536
21.78933333333333
22.837333333333333
22.512
23.837333333333333
23.138666666666666
45.856
26.464
29.138666666666666
29.162666666666667
29.813333333333333
4.626666666666667
29.536
30.78933333333333
31.488
32.138666666666666
32.78933333333333
33.78933333333333
33.488
38.00533333333333
33.21066666666667
34.81333333333333
34.416
34.488
34.885333333333335
35.114666666666665
35.25866666666667
35.56
35.584
35.78933333333333
36.885333333333335
36.536
36.74133333333333
35.416
10.976
37.23466666666667
37.488
38.18666666666667
38.861333333333334
38.81333333333333
38.090666666666664
39.536
39.74133333333333
39.416
39.114666666666665
15.602666666666666
41.416
41.23466666666667
41.18666666666667
42.885333333333335
42.76533333333333
43.416
43.78933333333333
43.81333333333333
43.44
43.76533333333333
44.78933333333333
44.584
44.21066666666667
44.861333333333334
44.81333333333333
45.536
45.909333333333336
44.18666666666667
1.544
45.464
46.584
46.81333333333333
46.512
46.464
46.885333333333335
47.512
47.861333333333334
47.74133333333333
47.16266666666667
47.76533333333333
48.416
47.18666666666667
47.44
49.44
0.824
1.7413333333333334
35.40533333333333
7.741333333333333
7.416
8.741333333333333
8.066666666666666
10.416
11.741333333333333
11.392
14.066666666666666
2.136
15.090666666666667
15.717333333333332
15.416
16.44
16.042666666666666
17.717333333333332
17.042666666666666
17.392
5.136
18.416
18.44
7.136
20.69333333333333
21.042666666666666
22.066666666666666
22.042666666666666
23.69333333333333
23.44
24.042666666666666
24.066666666666666
24.44
0.14666666666666667
26.392
27.066666666666666
27.44
27.11466666666667
28.066666666666666
28.765333333333334
28.416
28.69333333333333
28.11466666666667
29.066666666666666
29.416
29.765333333333334
30.392
30.042666666666666
30.090666666666667
30.717333333333332
30.741333333333333
31.066666666666666
31.090666666666667
8.181333333333333
8.506666666666666
8.88
2.0533333333333332
36.664
10.856
35.97866666666667
12.530666666666667
13.88
15.205333333333334
34.656
3.2506666666666666
5.576
7.250666666666667
0.4053333333333333
1.664
1.76
3.6453333333333333
5.970666666666666
6.32
9.296
10.970666666666666
0.050666666666666665
13.645333333333333
14.994666666666667
2.04
17.296
17.970666666666666
20.272
20.296
21.018666666666668
22.272
22.621333333333332
23.344
23.970666666666666
23.645333333333333
24.018666666666668
24.344
26.32
26.946666666666665
26.669333333333334
27.645333333333333
27.946666666666665
27.018666666666668
2.76
28.645333333333333
28.946666666666665
3.4346666666666668
29.32
30.946666666666665
30.344
30.621333333333332
31.645333333333333
32.898666666666664
32.946666666666665
7.434666666666667
33.64533333333333
33.248
33.59733333333333
3.632
35.64533333333333
35.99466666666667
10.76
10.410666666666666
35.368
36.898666666666664
35.01866666666667
11.784
36.62133333333333
36.64533333333333
37.970666666666666
37.64533333333333
12.410666666666666
12.76
38.57333333333333
38.06666666666667
38.01866666666667
39.946666666666665
39.06666666666667
40.64533333333333
40.922666666666665
40.296
40.392
41.99466666666667
42.898666666666664
42.946666666666665
42.922666666666665
42.04266666666667
42.693333333333335
43.64533333333333
43.57333333333333
43.32
43.392
43.717333333333336
44.57333333333333
44.99466666666667
44.368
45.57333333333333
45.64533333333333
45.296
45.99466666666667
7.1546666666666665
46.693333333333335
46.922666666666665
46.946666666666665
45.898666666666664
45.04266666666667
47.32
47.368
49.717333333333336
49.898666666666664
49.392
49.693333333333335
0.664
1.5493333333333332
2.224
4.224
5.549333333333333
6.224
8.224
10.2
11.898666666666667
11.549333333333333
0.24533333333333332
13.2
14.874666666666666
17.224
18.2
18.597333333333335
19.2
7.269333333333333
21.176
21.922666666666668
21.573333333333334
21.874666666666666
22.248
23.549333333333333
23.874666666666666
24.922666666666668
24.573333333333334
25.874666666666666
25.176
26.248
27.525333333333332
27.850666666666665
27.176
27.224
28.2
28.850666666666665
29.850666666666665
4.338666666666667
30.2
31.898666666666667
31.874666666666666
10.688
13.688
44.114666666666665
6.058666666666666
0.7946666666666666
1.9546666666666668
2.1173333333333333
3.0853333333333333
3.7306666666666666
3.082666666666667
1.0533333333333332
1.2133333333333334
0.8586666666666667
2.696
1.7626666666666666
2.344
3.1813333333333333
37.14933333333333
35.778666666666666
34.093333333333334
6.453333333333333
7.453333333333333
38.101333333333336
11.477333333333334
13.802666666666667
13.453333333333333
14.453333333333333
37.778666666666666
2.848
3.522666666666667
16.477333333333334
4.173333333333333
17.501333333333335
17.778666666666666
18.429333333333332
18.802666666666667
19.453333333333333
19.501333333333335
19.08
20.104
20.802666666666667
20.429333333333332
21.429333333333332
21.152
21.128
22.104
22.429333333333332
23.128
23.429333333333332
24.778666666666666
24.453333333333333
24.152
24.477333333333334
25.501333333333335
0.408
26.08
26.778666666666666
27.429333333333332
2.2426666666666666
28.778666666666666
28.754666666666665
28.501333333333335
28.477333333333334
29.128
29.08
31.754666666666665
31.778666666666666
31.152
31.826666666666668
31.08
32.08
32.152
32.754666666666665
1.44
33.032
33.754666666666665
8.266666666666667
8.917333333333334
33.730666666666664
34.87466666666667
34.2
9.917333333333334
9.592
34.42933333333333
35.2
35.754666666666665
35.152
35.104
35.42933333333333
36.730666666666664
36.176
36.477333333333334
36.70666666666666
36.40533333333333
37.2
37.80266666666667
12.592
36.82666666666667
37.032
38.2
38.104
38.85066666666667
38.40533333333333
38.38133333333333
39.477333333333334
39.40533333333333
14.917333333333334
39.104
39.778666666666666
40.85066666666667
40.104
40.032
39.77066666666666
39.85066666666667
41.152
41.40533333333333
41.42933333333333
41.08
40.87466666666667
42.032
42.70666666666666
42.056
42.525333333333336
42.730666666666664
43.40533333333333
43.45333333333333
43.056
44.2
44.730666666666664
44.82666666666667
44.128
45.152
45.87466666666667
45.778666666666666
45.525333333333336
45.70666666666666
46.85066666666667
46.056
45.477333333333334
46.032
7.312
47.54933333333334
47.2
47.85066666666667
47.128
47.525333333333336
48.778666666666666
48.104
48.730666666666664
48.152
49.42933333333333
49.45333333333333
49.525333333333336
49.2
49.152
0.9893333333333333
0.6666666666666666
5.706666666666667
8.032
39.714666666666666
10.008
11.357333333333333
11.706666666666667
12.008
12.357333333333333
36.65866666666667
14.008
2.4266666666666667
15.008
15.682666666666666
16.405333333333335
4.752
5.752
18.682666666666666
18.032
18.381333333333334
19.032
19.706666666666667
19.357333333333333
20.333333333333332
21.405333333333335
21.032
21.381333333333334
21.008
21.682666666666666
36.336
23.706666666666667
24.730666666666668
24.682666666666666
25.682666666666666
25.405333333333335
25.730666666666668
26.682666666666666
26.405333333333335
28.357333333333333
29.730666666666668
29.333333333333332
34.666666666666664
30.008
30.056
30.658666666666665
31.357333333333333
31.056
8.797333333333333
9.797333333333333
11.170666666666667
12.170666666666667
14.496
14.797333333333333
14.821333333333333
3.216
4.541333333333333
2.4133333333333336
0.8613333333333333
1.6666666666666667
1.9253333333333333
1.6026666666666667
1.0213333333333334
1.6346666666666667
8.936
8.285333333333334
8.586666666666666
10.610666666666667
12.936
13.936
13.261333333333333
14.936
16.610666666666667
4.005333333333334
17.984
17.96
5.330666666666667
18.634666666666668
19.96
20.562666666666665
1.528
21.586666666666666
23.261333333333333
25.285333333333334
25.610666666666667
27.96
27.984
2.7253333333333334
28.936
28.309333333333335
30.96
30.309333333333335
30.634666666666668
31.261333333333333
31.984
6.050666666666666
32.96
32.285333333333334
32.51466666666666
32.26133333333333
32.864
32.63466666666667
32.538666666666664
33.61066666666667
33.936
32.912
34.888
34.65866666666667
9.4
35.68266666666667
35.562666666666665
10.4
35.008
35.26133333333333
36.333333333333336
35.309333333333335
35.888
36.26133333333333
35.65866666666667
37.68266666666667
37.18933333333333
12.701333333333332
37.538666666666664
36.285333333333334
38.61066666666667
38.562666666666665
38.35733333333334
38.984
37.21333333333333
39.538666666666664
39.984
39.65866666666667
39.562666666666665
40.23733333333333
2.12
15.376
40.68266666666667
2.445333333333333
41.65866666666667
41.586666666666666
42.309333333333335
42.285333333333334
42.68266666666667
42.96
42.23733333333333
43.333333333333336
43.888
42.586666666666666
43.984
42.333333333333336
44.984
44.309333333333335
44.63466666666667
45.309333333333335
45.562666666666665
46.864
46.23733333333333
46.26133333333333
2.6426666666666665
47.23733333333333
47.008
47.888
47.51466666666666
47.333333333333336
48.984
49.285333333333334
49.96
49.63466666666667
49.18933333333333
0.12
4.514666666666667
34.46666666666667
9.189333333333334
10.189333333333334
11.189333333333334
12.84
12.165333333333333
13.514666666666667
14.490666666666666
14.514666666666667
15.165333333333333
3.2346666666666666
16.213333333333335
16.888
16.141333333333332
4.56
17.466666666666665
17.888
18.816
18.213333333333335
18.189333333333334
6.56
19.165333333333333
19.490666666666666
19.514666666666667
7.234666666666667
7.9093333333333335
21.538666666666668
22.514666666666667
22.84
22.141333333333332
23.888
24.189333333333334
25.165333333333333
26.466666666666665
26.888
27.189333333333334
27.213333333333335
28.141333333333332
28.466666666666665
28.514666666666667
29.538666666666668
29.141333333333332
29.888
4.304
30.165333333333333
30.466666666666665
5.304
31.490666666666666
31.84
0.8266666666666667
10.653333333333334
12.304
12.978666666666667
12.653333333333334
13.954666666666666
14.28
15.653333333333334
3.024
0.024
4.349333333333333
1.024
2.088
2.541333333333333
4.602666666666667
4.346666666666667
5.602666666666667
5.834666666666666
2.538666666666667
2.2506666666666666
5.832
7.576
7.317333333333333
5.12
7.152
6.637333333333333
7.957333333333334
36.08
10.744
11.768
12.069333333333333
13.394666666666666
13.768
13.093333333333334
14.093333333333334
15.768
15.418666666666667
16.418666666666667
4.488
17.045333333333332
17.394666666666666
18.768
18.093333333333334
19.045333333333332
19.069333333333333
20.72
21.72
21.418666666666667
23.792
23.418666666666667
24.744
24.117333333333335
25.418666666666667
25.093333333333334
25.394666666666666
27.069333333333333
27.093333333333334
27.394666666666666
27.744
28.768
28.117333333333335
29.418666666666667
29.069333333333333
29.117333333333335
30.768
30.093333333333334
31.117333333333335
31.744
32.093333333333334
32.165333333333336
33.093333333333334
8.184
34.165333333333336
34.141333333333336
9.184
34.370666666666665
34.84
35.093333333333334
35.99733333333333
35.370666666666665
34.72
35.141333333333336
36.44266666666667
36.84
11.208
36.41866666666667
36.696
37.99733333333333
37.41866666666667
36.117333333333335
37.744
36.02133333333333
38.02133333333333
38.768
38.72
13.882666666666667
39.99733333333333
39.49066666666667
40.141333333333336
40.394666666666666
40.41866666666667
41.06933333333333
41.72
42.672
42.165333333333336
4.928
42.394666666666666
43.46666666666667
43.696
43.346666666666664
43.72
44.84
44.816
44.99733333333333
45.768
45.06933333333333
46.768
46.44266666666667
46.346666666666664
46.816
46.49066666666667
47.02133333333333
47.04533333333333
46.02133333333333
48.41866666666667
48.06933333333333
48.04533333333333
48.394666666666666
49.696
49.816
49.02133333333333
49.46666666666667
10.648
12.973333333333333
12.997333333333334
13.672
14.997333333333334
15.997333333333334
17.021333333333335
17.997333333333334
17.973333333333333
18.696
19.672
20.672
20.021333333333335
21.624
23.997333333333334
23.696
24.672
24.021333333333335
25.624
26.322666666666667
27.696
27.021333333333335
27.648
28.322666666666667
28.648
28.298666666666666
29.672
30.949333333333332
31.672
31.298666666666666
7.437333333333333
7.112
10.088
11.786666666666667
12.762666666666666
13.762666666666666
13.088
14.112
14.794666666666666
9.325333333333333
1.4133333333333333
1.1226666666666667
1.0266666666666666
1.5093333333333334
1.4453333333333334
35.57333333333333
2.9013333333333335
4.226666666666667
7.552
10.901333333333334
10.226666666666667
10.552
11.877333333333333
15.901333333333334
17.226666666666667
18.576
18.27466666666667
6.621333333333333
19.552
20.226666666666667
20.27466666666667
20.6
21.27466666666667
21.877333333333333
21.85333333333333
2.8186666666666667
21.576
22.528
23.250666666666667
23.85333333333333
25.877333333333333
25.27466666666667
26.901333333333334
26.552
27.85333333333333
28.85333333333333
28.901333333333334
29.202666666666666
30.528
30.552
30.925333333333334
5.016
30.901333333333334
31.27466666666667
31.226666666666667
31.202666666666666
32.973333333333336
32.27466666666667
32.6
32.528
33.528
33.87733333333333
8.690666666666667
34.202666666666666
34.27466666666667
34.90133333333333
34.87733333333333
34.29866666666667
35.154666666666664
35.576
35.202666666666666
36.85333333333333
36.82933333333333
36.80533333333333
36.925333333333334
36.48
37.82933333333333
37.504
37.29866666666667
37.48
36.624
38.528
38.27466666666667
13.690666666666667
38.624
37.25066666666667
39.504
39.80533333333333
39.552
39.27466666666667
14.341333333333333
40.87733333333333
40.82933333333333
40.85333333333333
15.365333333333334
40.648
41.949333333333335
40.552
40.27466666666667
42.85333333333333
42.154666666666664
42.6
42.925333333333334
42.27466666666667
43.154666666666664
43.48
42.949333333333335
5.085333333333334
43.925333333333334
44.85333333333333
44.178666666666665
44.576
45.48
45.80533333333333
7.736
45.85333333333333
45.25066666666667
46.576
46.178666666666665
46.504
46.85333333333333
47.85333333333333
48.87733333333333
48.25066666666667
49.6
49.82933333333333
49.973333333333336
49.27466666666667
5.1306666666666665
6.8053333333333335
7.1306666666666665
8.130666666666666
2.328
9.781333333333333
11.154666666666667
11.781333333333333
12.781333333333333
12.48
13.130666666666666
16.48
16.781333333333333
4.2
18.805333333333333
18.48
19.829333333333334
20.432
20.75733333333333
22.456
22.106666666666666
3.3973333333333335
23.456
24.154666666666667
24.17866666666667
24.805333333333333
25.456
25.432
1.92
27.106666666666666
28.48
28.75733333333333
28.781333333333333
29.805333333333333
29.130666666666666
30.504
30.781333333333333
30.106666666666666
31.106666666666666
31.75733333333333
8.92
9.245333333333333
10.944
12.269333333333334
12.92
15.594666666666667
6.64
0.512
1.8986666666666667
2.448
3.026666666666667
2.3493333333333335
3.512
2.384
3.2533333333333334
3.256
3.7386666666666666
3.6426666666666665
2.544
3.48
5.709333333333333
5.384
7.384
1.9066666666666667
8.058666666666667
9.384
11.685333333333332
11.384
15.685333333333332
16.408
10.853333333333333
17.058666666666667
17.082666666666668
18.010666666666665
18.709333333333333
19.36
7.104
20.733333333333334
21.408
21.010666666666665
23.685333333333332
46.44533333333333
24.408
24.733333333333334
24.010666666666665
25.034666666666666
25.058666666666667
0.416
25.709333333333333
26.034666666666666
26.010666666666665
27.709333333333333
27.733333333333334
28.082666666666668
28.685333333333332
28.733333333333334
29.034666666666666
29.733333333333334
4.498666666666667
30.336
30.034666666666666
31.082666666666668
31.384
32.05866666666667
32.034666666666666
32.432
32.288
33.336
33.986666666666665
33.70933333333333
33.05866666666667
33.36
34.66133333333333
34.384
9.824
9.149333333333333
34.288
35.68533333333333
35.408
35.432
35.962666666666664
36.781333333333336
36.13066666666667
36.312
36.408
36.10666666666667
37.962666666666664
37.08266666666667
12.149333333333333
12.474666666666666
37.010666666666665
38.986666666666665
38.010666666666665
13.824
38.66133333333333
12.848
39.68533333333333
39.781333333333336
14.173333333333334
13.149333333333333
39.05866666666667
40.288
15.149333333333333
15.173333333333334
41.432
41.757333333333335
41.288
41.70933333333333
42.733333333333334
42.384
42.288
42.08266666666667
42.68533333333333
43.08266666666667
43.36
43.10666666666667
43.312
42.336
44.432
44.757333333333335
44.05866666666667
44.733333333333334
45.733333333333334
7.8933333333333335
45.010666666666665
1.416
46.336
46.408
46.757333333333335
47.70933333333333
47.781333333333336
47.384
47.962666666666664
48.10666666666667
48.70933333333333
48.05866666666667
48.456
49.010666666666665
49.63733333333333
49.962666666666664
49.432
0.6746666666666666
0.9973333333333333
37.269333333333336
7.938666666666666
8.613333333333333
8.938666666666666
38.632
10.637333333333334
10.613333333333333
11.613333333333333
14.637333333333334
14.613333333333333
3.008
16.613333333333333
4.333333333333333
17.914666666666665
5.333333333333333
18.24
18.938666666666666
18.288
19.312
19.962666666666667
19.986666666666668
19.914666666666665
20.986666666666668
22.288
22.938666666666666
24.914666666666665
25.613333333333333
25.288
0.288
0.32
26.914666666666665
26.288
26.661333333333335
27.312
27.938666666666666
27.613333333333333
28.938666666666666
29.661333333333335
30.914666666666665
31.986666666666668
31.962666666666667
7.402666666666667
9.402666666666667
10.752
12.053333333333333
43.584
33.40533333333333
14.378666666666666
15.402666666666667
15.378666666666666
3.7973333333333334
37.52
5.1226666666666665
2.32
3.32
1.128
1.5786666666666667
1.6746666666666667
1.8053333333333332
1.9333333333333333
4.842666666666666
6.517333333333333
1.7146666666666666
9.192
9.866666666666667
9.541333333333334
12.541333333333334
12.866666666666667
1.912
14.517333333333333
15.192
16.890666666666668
16.216
16.192
17.890666666666668
17.842666666666666
17.541333333333334
18.216
19.168
19.818666666666665
7.237333333333333
20.541333333333334
20.144
20.168
21.890666666666668
22.493333333333332
22.517333333333333
23.168
23.890666666666668
23.818666666666665
23.842666666666666
24.144
26.216
26.890666666666668
27.216
27.192
28.493333333333332
28.866666666666667
28.168
28.517333333333333
29.541333333333334
5.306666666666667
6.306666666666667
32.541333333333334
32.12
7.306666666666667
32.794666666666664
32.86666666666667
33.192
33.794666666666664
33.91466666666667
33.93866666666667
8.632
34.842666666666666
34.096
34.818666666666665
34.51733333333333
9.632
35.93866666666667
35.89066666666667
10.957333333333333
10.981333333333334
35.818666666666665
36.91466666666667
36.144
36.51733333333333
35.91466666666667
36.842666666666666
37.541333333333334
37.12
12.306666666666667
37.264
38.589333333333336
38.168
13.306666666666667
13.981333333333334
38.61333333333334
39.794666666666664
39.91466666666667
14.632
14.330666666666668
39.192
40.12
2.7013333333333334
15.981333333333334
40.192
40.86666666666667
41.565333333333335
41.216
40.93866666666667
42.51733333333333
42.91466666666667
42.565333333333335
42.541333333333334
43.192
43.794666666666664
43.842666666666666
43.91466666666667
43.49333333333333
44.541333333333334
44.89066666666667
44.192
44.44533333333333
44.589333333333336
45.589333333333336
45.096
45.77066666666666
45.541333333333334
45.12
46.589333333333336
46.77066666666666
46.264
45.91466666666667
46.46933333333333
47.096
47.144
47.51733333333333
47.565333333333335
47.168
47.842666666666666
35.44
49.818666666666665
49.541333333333334
0.128
0.8373333333333334
2.421333333333333
7.096
7.421333333333333
8.072
35.76266666666667
8.421333333333333
10.770666666666667
35.06933333333333
13.770666666666667
14.096
15.770666666666667
15.445333333333334
16.445333333333334
3.1973333333333334
16.397333333333332
17.048
17.469333333333335
18.048
18.469333333333335
19.445333333333334
19.770666666666667
20.770666666666667
21.072
24.445333333333334
24.397333333333332
24.794666666666668
25.397333333333332
25.096
25.12
1.2106666666666666
27.072
28.469333333333335
29.421333333333333
29.746666666666666
4.210666666666667
35.013333333333335
30.048
30.421333333333333
5.8853333333333335
31.12
31.770666666666667
31.794666666666668
1.408
8.885333333333334
9.861333333333333
10.56
10.861333333333333
12.885333333333334
13.56
35.690666666666665
15.210666666666667
37.376
5.28
0.8026666666666666
